%        IEEE 118-BUS TEST SYSTEM (American Electric Power)
%        Bus Bus  Voltage Angle   ---Load---- -------Generator----- Static Mvar
%        No  code Mag.     rad    MW    Mvar      MW      Mvar          Qmin Qmax    +Qc/-Ql     Area

busdata=[1   1    0.955    0.186  51.0  27.0      0.0     0.0         -5.0    15.0       0.0        1       
         2   0    0.971    0.113  20.0  9.0       0.0     0.0          0.0     0.0       0.0        1
         3   0    0.968    0.144  39.0  10.0      0.0     0.0          0.0     0.0       0.0        1
         4   2    0.998    0.118  30.0  12.0     -9.0     0.0       -300.0   300.0       0.0        1
         5   0    1.002    0.124   0.0   0.0      0.0     0.0          0.0     0.0      -0.40       1
         6   2    0.990    0.088  52.0  22.0      0.0     0.0        -13.0    50.0       0.0        1
         7   0    0.989    0.084  19.0   2.0      0.0     0.0          0.0     0.0       0.0        1
         8   2    1.015    0.177   0.0   0.0    -28.0     0.0       -300.0   300.0       0.0        1
         9   0    1.043    0.286   0.0   0.0      0.0     0.0          0.0     0.0       0.0        1
        10   2    1.050    0.400   0.0   0.0    450.0     0.0       -147.0   200.0       0.0        1
        11   0    0.985    0.083  70.0  23.0      0.0     0.0          0.0     0.0       0.0        1
        12   2    0.990    0.082  47.0  10.0     85.0     0.0        -35.0   120.0       0.0        1
        13   0    0.968    0.044  34.0  16.0      0.0     0.0          0.0     0.0       0.0        1
        14   0    0.984    0.048  14.0   1.0      0.0     0.0          0.0     0.0       0.0        1
        15   2    0.970   -0.015  90.0  30.0      0.0     0.0        -10.0    30.0       0.0        13
        16   0    0.984    0.050  25.0  10.0      0.0     0.0          0.0     0.0       0.0        1
        17   0    0.995    0.023  11.0   3.0      0.0     0.0          0.0     0.0       0.0        123
        18   2    0.973   -0.013  60.0  34.0      0.0     0.0        -16.0    50.0       0.0        3
        19   2    0.963   -0.023  45.0  25.0      0.0     0.0         -8.0    24.0       0.0        3
        20   0    0.958   -0.027  18.0   3.0      0.0     0.0          0.0     0.0       0.0        3
        21   0    0.959   -0.014  14.0   8.0      0.0     0.0          0.0     0.0       0.0        3
        22   0    0.970    0.012  10.0   5.0      0.0     0.0          0.0     0.0       0.0        3
        23   0    1.000    0.071   7.0   3.0      0.0     0.0          0.0     0.0       0.0        23
        24   2    0.992    0.039   0.0   0.0    -13.0     0.0       -300.0   300.0       0.0        3
        25   2    1.050    0.200   0.0   0.0    220.0     0.0        -47.0   140.0       0.0        2
        26   2    1.015    0.238   0.0   0.0    314.0     0.0      -1000.0  1000.0       0.0        2
        27   2    0.968    0.012  62.0  13.0     -9.0     0.0       -300.0   300.0       0.0        2
        28   0    0.962   -0.010  17.0   7.0      0.0     0.0          0.0     0.0       0.0        2
        29   0    0.963   -0.020  24.0   4.0      0.0     0.0          0.0     0.0       0.0        2
        30   0    0.968    0.101   0.0   0.0      0.0     0.0          0.0     0.0       0.0        123
        31   2    0.967   -0.016  43.0  27.0      7.0     0.0       -300.0   300.0       0.0        2
        32   2    0.964    0.002  59.0  23.0      0.0     0.0        -14.0    42.0       0.0        2
        33   0    0.972   -0.058  23.0   9.0    -46.0     0.0          0.0     0.0       0.0        3
        34   2    0.986   -0.019  59.0  26.0      0.0     0.0         -8.0    24.0       0.14       3
        35   0    0.981   -0.037  33.0   9.0    -59.0     0.0          0.0     0.0       0.0        3
        36   2    0.980   -0.034  31.0  17.0      0.0     0.0         -8.0    24.0       0.0        3
        37   0    0.992   -0.008   0.0   0.0      0.0     0.0          0.0     0.0      -0.25       3
        38   0    0.962    0.043   0.0   0.0      0.0     0.0          0.0     0.0       0.0        3
        39   0    0.970    0.042  27.0  11.0     19.0     0.0          0.0     0.0       0.0        3
        40   2    0.970    0.072  20.0  23.0      0.0     0.0       -300.0   300.0       0.0        3
        41   0    0.967    0.093  37.0  10.0      0.0     0.0          0.0     0.0       0.0        3
        42   2    0.985    0.197  37.0  23.0    204.0     0.0       -300.0   300.0       0.0        3
        43   0    0.978   -0.027  18.0   7.0      0.0     0.0          0.0     0.0       0.0        3
        44   0    0.985    0.001  16.0   8.0      0.0     0.0          0.0     0.0       0.10       3
        45   0    0.987    0.025  53.0  22.0      0.0     0.0          0.0     0.0       0.10       3
        46   2    1.005    0.053  28.0  10.0      0.0     0.0       -100.0   100.0       0.10       3
        47   0    1.017    0.085  34.0   0.0     48.0     0.0          0.0     0.0       0.0        3
        48   0    1.021    0.095  20.0  11.0      0.0     0.0          0.0     0.0       0.15       3
        49   2    1.025    0.114  87.0  30.0      0.0     0.0        -85.0   210.0       0.0        34
        50   0    1.001    0.141  17.0   4.0      0.0     0.0          0.0     0.0       0.0        34
        51   0    0.967    0.383  17.0   8.0      0.0     0.0          0.0     0.0       0.0        4
        52   0    0.957    0.412  18.0   5.0    115.0     0.0          0.0     0.0       0.0        4
        53   0    0.946    0.329  23.0  11.0      0.0     0.0          0.0     0.0       0.0        4
        54   2    0.955    0.289 113.0  32.0    160.0     0.0       -300.0   300.0       0.0        4
        55   2    0.952    0.280  63.0  22.0      0.0     0.0         -8.0    23.0       0.0        4
        56   2    0.954    0.286  84.0  18.0      0.0     0.0         15.0    -8.0       0.0        4
        57   0    0.971    0.218  12.0   3.0      0.0     0.0          0.0     0.0       0.0        4
        58   0    0.959    0.497  12.0   3.0    391.0     0.0          0.0     0.0       0.0        4
        59   2    0.985    0.239 277.0 113.0    392.0     0.0        -60.0   180.0       0.0        4
        60   0    0.993    0.217  78.0   3.0      0.0     0.0          0.0     0.0       0.0        4
        61   2    0.995    0.215   0.0   0.0      0.0     0.0       -100.0   300.0       0.0        4
        62   2    0.998    0.263  77.0  14.0    516.0     0.0        -20.0    20.0       0.0        4
        63   0    0.969    0.193   0.0   0.0      0.0     0.0          0.0     0.0       0.0        4
        64   0    0.984    0.168   0.0   0.0      0.0     0.0          0.0     0.0       0.0        4
        65   2    1.005    0.077   0.0   0.0    -12.0     0.0        -67.0   200.0       0.0        34
        66   2    1.050    0.105  39.0  18.0     -6.0     0.0        -67.0   200.0       0.0        4
        67   0    1.020    0.165  28.0   7.0      0.0     0.0          0.0     0.0       0.0        4
        68   0    1.003    0.025   0.0   0.0      0.0     0.0          0.0     0.0       0.0        3
        69   2    1.035   -0.017   0.0   0.0      0.0     0.0       -300.0   300.0       0.0        3
        70   2    0.984   -0.077  66.0  20.0      0.0     0.0        -10.0    32.0       0.0        3  
        71   0    0.987   -0.068   0.0   0.0      0.0     0.0          0.0     0.0       0.0        3 
        72   2    0.980   -0.015   0.0   0.0      0.0     0.0       -100.0   100.0       0.0        3
        73   2    0.991   -0.069   0.0   0.0      0.0     0.0       -100.0   100.0       0.0        3
        74   2    0.958   -0.115  68.0  27.0      0.0     0.0         -6.0     9.0       0.12       3
        75   0    0.967   -0.104  47.0  11.0      0.0     0.0          0.0     0.0       0.0        3
