%        IEEE 300-BUS TEST SYSTEM (American Electric Power)
%         Bus   Bus   Voltage   Angle       ----Load-----       ---Generator---       Static Mvar                         Number
%         No    code  Mag.       rad        MW       Mvar       MW       Mvar       Qmin    Qmax      +Qc/-Ql      Area   in area
busdata=[ 1      0    1.0300    -1.171     90.00     49.00      0.00     0.0        0.00     0.00       0.0000       11     1   
          2      0    1.0374    -1.138     56.00     15.00      0.00     0.0        0.00     0.00       0.0000       11     2     
          3      0    0.9971    -1.156     20.00      0.00      0.00     0.0        0.00     0.00       0.0000       11     3     
          4      0    1.0308    -1.167      0.00      0.00      0.00     0.0        0.00     0.00       0.0000       11     4     
          5      0    1.0191    -1.191    353.00    130.00      0.00     0.0        0.00     0.00       0.0000       11     5     
          6      0    1.0312    -1.152    120.00     41.00      0.00     0.0        0.00     0.00       0.0000       11     6     
          7      0    0.9934    -1.168      0.00      0.00      0.00     0.0        0.00     0.00       0.0000       11     7     
          8      2    1.0153    -1.205     58.00     14.00     -5.00     0.0      -10.00    10.00       0.0000       11     8     
          9      0    1.0034    -1.215     96.00     43.00      0.00     0.0        0.00     0.00       0.0000       11     9     
          10     2    1.0205    -1.238    148.00     33.00     -5.00     0.0      -20.00    20.00       0.0000       11     10     
          11     0    1.0057    -1.218     83.00     21.00      0.00     0.0        0.00     0.00       0.0000       11     11    
          12     0    0.9974    -1.182      0.00      0.00      0.00     0.0        0.00     0.00       0.0000       11     12     
          13     0    0.9977    -1.266     58.00     10.00      0.00     0.0        0.00     0.00       0.0000       11     13     
          14     0    0.9991    -1.277    160.00     60.00      0.00     0.0        0.00     0.00       0.0000       11     14     
          15     0    1.0343    -1.285    126.70     23.00      0.00     0.0        0.00     0.00       0.0000       11     15     
          16     0    1.0315    -1.210      0.00      0.00      0.00     0.0        0.00     0.00       0.0000       11     16     
          17     0    1.0649    -1.355    561.00    220.00      0.00     0.0        0.00     0.00       0.0000       11     17     
          18     0    0.9820    -1.235      0.00      0.00      0.00     0.0        0.00     0.00       0.0000       11     18     
          19     2    1.0010    -1.297    595.00    120.00    -10.00     0.0      -20.00    20.00       0.0000       11     19     
          20     0    0.9752    -1.234     77.00      1.00      0.00     0.0        0.00     0.00       0.0000       11     20     
          21     0    0.9963    -1.292     81.00     23.00      0.00     0.0        0.00     0.00       0.0000       11     21     
          22     0    1.0501    -1.210     21.00      7.00      0.00     0.0        0.00     0.00       0.0000       11     22     
          23     0    1.0057    -1.172      0.00      0.00      0.00     0.0        0.00     0.00       0.0000       11     23     
          24     0    1.0234    -1.251     45.00     12.00      0.00     0.0        0.00     0.00       0.0000       11     24     
          25     0    0.9986    -1.303     28.00      9.00      0.00     0.0        0.00     0.00       0.0000       11     25     
          26     0    0.9750    -1.355     69.00     13.00      0.00     0.0        0.00     0.00       0.0000       11     26     
          27     0    1.0244    -1.173     55.00      6.00      0.00     0.0        0.00     0.00       0.0000       11     27     
          28     0    1.0414    -1.208      0.00      0.00      0.00     0.0        0.00     0.00       0.0000       11     28     
          29     0    0.9757    -1.662      0.00      0.00      0.00     0.0        0.00     0.00       0.0000       11     29     
          30     0    1.0011    -1.606      0.00      0.00      0.00     0.0        0.00     0.00       0.0000       11     30     
          31     2    1.0201    -1.083     85.00     32.00      0.00     0.0        0.00     0.00       0.0000       11     31     
          32     0    1.0202    -1.174    155.00     18.00      0.00     0.0        0.00     0.00       0.0000       11     32     
          33     0    1.0535    -1.184      0.00      0.00      0.00     0.0        0.00     0.00       0.0000       11     33     
          34     0    1.0216    -1.175     46.00    -21.00      0.00     0.0        0.00     0.00       0.0000       11     34     
          35     0    1.0292    -1.116     86.00      0.00      0.00     0.0        0.00     0.00       0.0000       11     35     
          36     0    1.0448    -1.213      0.00      0.00      0.00     0.0        0.00     0.00       0.0000       11     36     
          37     0    1.0006    -1.354     39.00      9.00      0.00     0.0        0.00     0.00       0.0000       11     37     
          38     0    1.0086    -1.440    195.00     29.00      0.00     0.0        0.00     0.00       0.0000       11     38     
          39     0    1.0215    -1.406      0.00      0.00      0.00     0.0        0.00     0.00       0.0000       11     39     
          40     0    1.0344    -1.333      0.00      0.00      0.00     0.0        0.00     0.00       0.0000       11     40     
          41     0    0.9777    -1.562     58.00     11.80      0.00     0.0        0.00     0.00       0.0000       11     41     
          42     0    1.0019    -1.327     41.00     19.00      0.00     0.0        0.00     0.00       0.0000       11     42     
          43     0    1.0475    -0.236     92.00     26.00      0.00     0.0        0.00     0.00       0.0000       11     43     
          44     0    1.0253    -0.794     -5.00      5.00      0.00     0.0        0.00     0.00       0.0000       11     44     
          45     0    0.9979    -1.083     61.00     28.00      0.00     0.0        0.00     0.00       0.0000       11     45     
          46     0    0.9959    -1.379     69.00      3.00      0.00     0.0        0.00     0.00       0.0000       11     46     
          47     0    1.0050    -1.363     10.00      1.00      0.00     0.0        0.00     0.00       0.0000       11     47     
          48     0    1.0150    -1.228     22.00     10.00      0.00     0.0        0.00     0.00       0.0000       11     48     
          49     0    1.0335    -1.303     98.00     20.00      0.00     0.0        0.00     0.00       0.0000       11     49     
          50     0    0.9918    -1.319     14.00      1.00      0.00     0.0        0.00     0.00       0.0000       11     50     
          51     0    0.9789    -1.322    218.00    106.00      0.00     0.0        0.00     0.00       0.0000       11     51     
          52     0    1.0246    -1.358      0.00      0.00      0.00     0.0        0.00     0.00       0.0000       11     52     
          53     0    0.9906    -1.299    227.00    110.00      0.00     0.0        0.00     0.00       0.0000       11     53     
          54     0    1.0160    -1.279      0.00      0.00      0.00     0.0        0.00     0.00       0.0000       11     54     
          55     2    0.9583    -1.535     70.00     30.00      0.00     0.0      -25.00    25.00       0.0000       11     55     
          56     0    0.9480    -1.463      0.00      0.00      0.00     0.0        0.00     0.00       0.0000       11     56     
          57     0    0.9630    -1.693      0.00      0.00      0.00     0.0        0.00     0.00       0.0000       11     57     
