% load_curves
% Load/generation active power curves (24 points)
% Authors: Vanja Svenda, Alex Stankovic and Andrija Saric


timeSequence1 = [0 3600 7200 10800 14400 18000 21600 25200 28800 32400 ...
                 36000 39600 43200 46800 50400 54000 57600 61200 64800 ...
                 68400 72000 75600 79200 82800 86400];
                 
loadCurve1 = [0.9311728 0.9196423 0.9146947 0.9010761 0.8922038...
              0.9069772 0.9290968 0.9063361 0.9150783 0.9267867...
              0.9234665 0.9156585 0.9071343 0.9060273 0.9142525...
              0.929096  0.9422036 0.9588191 0.9797145 0.9898998...
              0.9990805 0.9945145 0.9907365 0.978705  0.9311728];
                             
loadCurve2 = [1.099409	1.156898	1.177977	0.847254	0.762105...
              0.8474957	1.080728	1.288449	1.313002	1.309042...
              1.348644	1.310488	1.301585	1.355346	1.352301...
              1.32704	1.272624	1.428452	1.587257	1.382557...
              1.144675	1.089668	1.107174	1.214396	1.099409];
          
loadCurve3 = [0.9355355	0.8810964	0.8783674	0.8527946	0.8658074...
              0.9848073	1.174798	1.233292	1.242851	1.544206...
              1.396469	1.354828	1.349091	1.367455	1.352139...
              1.318193	1.286605	1.236316	1.155619	1.018175...
              1.022136	0.9196382	0.9925131	0.9964352	0.9355355];
          
loadCurve4 = [0.9632765	0.9906275	0.9691157	0.937345	0.9095633...
              0.8592738	0.7499104	0.7960839	1.077916	1.146883...
              1.223503	1.272004	1.154803	1.131198	1.128295...
              1.233818	1.194655	1.108142	0.8920721	0.8317196...
              0.9177774	0.931181	0.9157768	0.8634833	0.9632765];
     

genCurveHydro = [1.0300 0.9500 0.9500 0.9500 0.9700...
                  1.0000 1.0800 0.9400 0.9300 0.8600...
                  0.8200 0.7700 0.9000 1.2300 1.2900...
                  1.2800 1.2900 1.2900 1.2800 1.2300...
                  1.1600 1.1100 1.1100 1.0800 1.0300];
                                         
genCurveThermo = [0.00 0.00 0.00 0.00 0.00...
                  0.00 0.00 0.00 0.00 0.00...
                  0.00 0.00 0.00 0.00 0.00...
                  0.00 0.00 0.00 0.00 0.00...
                 0.00 0.00 0.00 0.00 0.00];             
             
genCurveSolar = [0.00 0.00 0.00 0.00 0.00...
                 0.00 0.05 0.25 0.97 1.75...
                 2.40 2.64 2.78 2.43 1.79...
                 1.03 0.33 0.07 0.00 0.00...
                 0.00 0.00 0.00 0.00 0.00];      
             
genCurveWind = [0.8618 0.8600 0.8700 0.8600 0.8482...
                0.8636 0.8427 0.8736 0.8691 0.8791...
                0.8982 0.8900 0.8809 0.8509 0.8591...
                0.8527 0.8564 0.8373 0.8709 0.8955...
                1.2696 1.2504 1.2204 0.8873 0.8618];

            
             

