 %       Serbia test system - converted from PSAT 
 %       by convert_Serbia_test_system_from_PSAT.m 
 %       Bus Bus   Voltage Angle   ---Load---- -------Generator--------- Static Mvar 
 %       No  code  Mag.    rad      MW    Mvar     MW     Mvar    Qmin    Qmax   +Qc/-Ql  Area 
 %       1   2      3       4       5     6       7        8       9       10     11    12 
 busdata = [ ... 
         1   0  1.01968 -0.27182 -0.7576 -1.1280  0.0000  0.0000  0.0000  0.0000  0    1 ; 
         2   0  0.99675 -0.28958 -0.6456 -0.6311  0.0000  0.0000  0.0000  0.0000  0    1 ; 
         3   0  1.02290 -0.03342 -1.5100 -0.5991  0.0000  0.0000  0.0000  0.0000  0    1 ; 
         4   0  0.96438 -0.37163 -0.7780 -0.4809  0.0000  0.0000  0.0000  0.0000  0    1 ; 
         5   0  1.03062 -0.25709 -0.4005 -0.7216  0.0000  0.0000  0.0000  0.0000  0    1 ; 
         6   0  1.05127 -0.19682  0.5230 -0.3007  0.0000  0.0000  0.0000  0.0000  0    1 ; 
         7   0  1.05521 -0.21301 -0.0545 -0.5604  0.0000  0.0000  0.0000  0.0000  0    1 ; 
         8   0  0.99559 -0.32027 -0.1987 -0.5054  0.0000  0.0000  0.0000  0.0000  0    1 ; 
         9   0  1.03634 -0.19555  0.9738 -0.5286  0.0000  0.0000  0.0000  0.0000  0    1 ; 
         10   0  1.02136 -0.25945  0.0000  0.0000  0.0000  0.0000  0.0000  0.0000  0    1 ; 
         11   0  1.00978 -0.19066  0.0000  0.0000  0.0000  0.0000  0.0000  0.0000  0    1 ; 
         12   0  1.00119 -0.16821  0.0000  0.0000  0.0000  0.0000  0.0000  0.0000  0    1 ; 
         13   0  1.02270 -0.03382  0.0000  0.0000  0.0000  0.0000  0.0000  0.0000  0    1 ; 
         14   0  0.99298 -0.27312  0.0000  0.0000  0.0000  0.0000  0.0000  0.0000  0    1 ; 
         15   0  0.98302 -0.29553  0.0000  0.0000  0.0000  0.0000  0.0000  0.0000  0    1 ; 
         16   0  1.02357 -0.21804  0.0000  0.0000  0.0000  0.0000  0.0000  0.0000  0    1 ; 
         17   0  1.03124 -0.15804  0.0000  0.0000  0.0000  0.0000  0.0000  0.0000  0    1 ; 
         18   0  1.03118 -0.15827  0.0000  0.0000  0.0000  0.0000  0.0000  0.0000  0    1 ; 
         19   0  0.99932 -0.19219  0.0000  0.0000  0.0000  0.0000  0.0000  0.0000  0    1 ; 
         20   0  1.03179 -0.15581  0.0000  0.0000  0.0000  0.0000  0.0000  0.0000  0    1 ; 
         21   0  1.03344 -0.19000  0.0000  0.0000  0.0000  0.0000  0.0000  0.0000  0    1 ; 
         22   0  1.01236 -0.27554  0.0000  0.0000  0.0000  0.0000  0.0000  0.0000  0    1 ; 
         23   0  1.01941 -0.13317  0.0000  0.0000  0.0000  0.0000  0.0000  0.0000  0    1 ; 
         24   0  1.03130 -0.15758  0.0000  0.0000  0.0000  0.0000  0.0000  0.0000  0    1 ; 
         25   0  1.03130 -0.15758  0.0000  0.0000  0.0000  0.0000  0.0000  0.0000  0    1 ; 
         26   0  1.03290 -0.14099  0.0000  0.0000  0.0000  0.0000  0.0000  0.0000  0    1 ; 
         27   0  1.03314 -0.14580  0.0000  0.0000  0.0000  0.0000  0.0000  0.0000  0    1 ; 
         28   0  0.98748 -0.29620  0.0000  0.0000  0.0000  0.0000  0.0000  0.0000  0    1 ; 
         29   0  1.00487 -0.19604  0.0000  0.0000  0.0000  0.0000  0.0000  0.0000  0    1 ; 
         30   0  0.98681 -0.29188  0.0000  0.0000  0.0000  0.0000  0.0000  0.0000  0    1 ; 
         31   0  0.97983 -0.30881  0.0000  0.0000  0.0000  0.0000  0.0000  0.0000  0    1 ; 
         32   0  1.00384 -0.29144  0.0000  0.0000  0.0000  0.0000  0.0000  0.0000  0    1 ; 
         33   0  0.98255 -0.32224  0.0000  0.0000  0.0000  0.0000  0.0000  0.0000  0    1 ; 
         34   0  1.02981 -0.14913  0.0000  0.0000  0.0000  0.0000  0.0000  0.0000  0    1 ; 
         35   0  1.00085 -0.21243  0.0000  0.0000  0.0000  0.0000  0.0000  0.0000  0    1 ; 
         36   0  0.94037 -0.28033  0.0000  0.0000  0.0000  0.0000  0.0000  0.0000  0    1 ; 
         37   0  0.96878 -0.24244  0.0000  0.0000  0.0000  0.0000  0.0000  0.0000  0    1 ; 
         38   0  0.96855 -0.24269  0.0000  0.0000  0.0000  0.0000  0.0000  0.0000  0    1 ; 
         39   0  0.96952 -0.23460  0.0000  0.0000  0.0000  0.0000  0.0000  0.0000  0    1 ; 
         40   0  0.94963 -0.26088  0.0000  0.0000  0.0000  0.0000  0.0000  0.0000  0    1 ; 
         41   0  0.97057 -0.31118  0.0000  0.0000  0.0000  0.0000  0.0000  0.0000  0    1 ; 
         42   0  0.96701 -0.34328  0.1411  0.0470  0.0000  0.0000  0.0000  0.0000  0    1 ; 
         43   0  0.96708 -0.34315  0.0000  0.0000  0.0000  0.0000  0.0000  0.0000  0    1 ; 
         44   0  1.03613 -0.13764  0.0000  0.0000  0.0000  0.0000  0.0000  0.0000  0    1 ; 
         45   0  1.02985 -0.14913  0.0000  0.0000  0.0000  0.0000  0.0000  0.0000  0    1 ; 
         46   0  1.03874 -0.20482  0.0000  0.0000  0.0000  0.0000  0.0000  0.0000  0    1 ; 
         47   0  1.03584 -0.20459  0.0000  0.0000  0.0000  0.0000  0.0000  0.0000  0    1 ; 
         48   0  1.03873 -0.20491  0.0000  0.0000  0.0000  0.0000  0.0000  0.0000  0    1 ; 
         49   0  0.94502 -0.26068  0.6960  0.2890  0.0000  0.0000  0.0000  0.0000  0    1 ; 
         50   0  0.95806 -0.33741  0.0000  0.0000  0.0000  0.0000  0.0000  0.0000  0    1 ; 
         51   0  0.94318 -0.36588  0.0000  0.0000  0.0000  0.0000  0.0000  0.0000  0    1 ; 
         52   0  0.95409 -0.35811  0.0000  0.0000  0.0000  0.0000  0.0000  0.0000  0    1 ; 
         53   0  0.94682 -0.33703  0.0000  0.0000  0.0000  0.0000  0.0000  0.0000  0    1 ; 
         54   0  0.96504 -0.26483  0.0000  0.0000  0.0000  0.0000  0.0000  0.0000  0    1 ; 
         55   0  1.01224 -0.18166  0.0000  0.0000  0.0000  0.0000  0.0000  0.0000  0    1 ; 
         56   0  0.94545 -0.24619  0.0000  0.0000  0.0000  0.0000  0.0000  0.0000  0    1 ; 
         57   0  0.99320 -0.26901  0.0000  0.0000  0.0000  0.0000  0.0000  0.0000  0    1 ; 
         58   0  0.96233 -0.34891  0.0000  0.0000  0.0000  0.0000  0.0000  0.0000  0    1 ; 
         59   0  0.93782 -0.40159  0.0000  0.0000  0.0000  0.0000  0.0000  0.0000  0    1 ; 
         60   0  0.95839 -0.35473  0.4937  0.1646  0.0000  0.0000  0.0000  0.0000  0    1 ; 
         61   0  1.03286 -0.13033  0.0000  0.0000  0.0000  0.0000  0.0000  0.0000  0    1 ; 
         62   0  1.03286 -0.13033  0.0000  0.0000  0.0000  0.0000  0.0000  0.0000  0    1 ; 
         63   0  0.98364 -0.24393  0.0000  0.0000  0.0000  0.0000  0.0000  0.0000  0    1 ; 
         64   0  0.97727 -0.25550  0.0000  0.0000  0.0000  0.0000  0.0000  0.0000  0    1 ; 
         65   0  0.97014 -0.24175  0.0000  0.0000  0.0000  0.0000  0.0000  0.0000  0    1 ; 
         66   0  0.95599 -0.28775  0.0000  0.0000  0.0000  0.0000  0.0000  0.0000  0    1 ; 
         67   0  1.01224 -0.18166  0.0000  0.0000  0.0000  0.0000  0.0000  0.0000  0    1 ; 
         68   0  1.01368 -0.17985  0.0000  0.0000  0.0000  0.0000  0.0000  0.0000  0    1 ; 
         69   0  1.01369 -0.17985  0.0000  0.0000  0.0000  0.0000  0.0000  0.0000  0    1 ; 
         70   0  1.01378 -0.17979  0.0000  0.0000  0.0000  0.0000  0.0000  0.0000  0    1 ; 
         71   0  1.01385 -0.17982  0.0000  0.0000  0.0000  0.0000  0.0000  0.0000  0    1 ; 
         72   0  1.01235 -0.18167  0.0000  0.0000  0.0000  0.0000  0.0000  0.0000  0    1 ; 
         73   0  0.97275 -0.33242  0.0000  0.0000  0.0000  0.0000  0.0000  0.0000  0    1 ; 
         74   0  0.97204 -0.33321  0.0000  0.0000  0.0000  0.0000  0.0000  0.0000  0    1 ; 
         75   0  1.01100 -0.20726  0.0000  0.0000  0.0000  0.0000  0.0000  0.0000  0    1 ; 
         76   0  1.03258 -0.17291  0.0000  0.0000  0.0000  0.0000  0.0000  0.0000  0    1 ; 
         77   0  1.02930 -0.25753  0.0000  0.0000  0.0000  0.0000  0.0000  0.0000  0    1 ; 
         78   0  0.91999 -0.31643  0.0000  0.0000  0.0000  0.0000  0.0000  0.0000  0    1 ; 
         79   0  0.86748 -0.43091  0.2070  0.0680  0.0000  0.0000  0.0000  0.0000  0    1 ; 
         80   0  0.86622 -0.43836  0.4560  0.1510  0.0000  0.0000  0.0000  0.0000  0    1 ; 
         81   0  0.87021 -0.45104  0.1630  0.0530  0.0000  0.0000  0.0000  0.0000  0    1 ; 
